(kicad_pcb (version 20171130) (host pcbnew "(5.1.4-0-10_14)")

  (general
    (thickness 1.6)
    (drawings 75)
    (tracks 3226)
    (zones 0)
    (modules 121)
    (nets 193)
  )

  (page A4)
  (title_block
    (title THS-80)
    (date 2019-08-13)
    (rev 1.0)
    (company "Hyiger Designs")
  )

  (layers
    (0 F.Cu signal)
    (1 In1.Cu signal hide)
    (2 In2.Cu power hide)
    (31 B.Cu signal hide)
    (34 B.Paste user hide)
    (35 F.Paste user hide)
    (36 B.SilkS user hide)
    (37 F.SilkS user hide)
    (38 B.Mask user hide)
    (39 F.Mask user hide)
    (44 Edge.Cuts user)
    (45 Margin user hide)
    (46 B.CrtYd user)
    (47 F.CrtYd user)
    (48 B.Fab user hide)
    (49 F.Fab user hide)
  )

  (setup
    (last_trace_width 0.1524)
    (user_trace_width 0.1524)
    (user_trace_width 0.254)
    (user_trace_width 0.4064)
    (trace_clearance 0.1524)
    (zone_clearance 0.1524)
    (zone_45_only no)
    (trace_min 0.1524)
    (via_size 0.4572)
    (via_drill 0.2286)
    (via_min_size 0.4572)
    (via_min_drill 0.2286)
    (user_via 0.4572 0.2286)
    (user_via 0.8128 0.4064)
    (uvia_size 0.3)
    (uvia_drill 0.1)
    (uvias_allowed no)
    (uvia_min_size 0)
    (uvia_min_drill 0)
    (edge_width 0.0508)
    (segment_width 0.2032)
    (pcb_text_width 0.3048)
    (pcb_text_size 1.524 1.524)
    (mod_edge_width 0.127)
    (mod_text_size 0.8128 0.8128)
    (mod_text_width 0.1524)
    (pad_size 1.56 0.65)
    (pad_drill 0)
    (pad_to_mask_clearance 0.0508)
    (solder_mask_min_width 0.1016)
    (aux_axis_origin 0 0)
    (grid_origin 101.6 133.35)
    (visible_elements 7FFFF7FF)
    (pcbplotparams
      (layerselection 0x010f0_ffffffff)
      (usegerberextensions true)
      (usegerberattributes false)
      (usegerberadvancedattributes false)
      (creategerberjobfile false)
      (excludeedgelayer true)
      (linewidth 0.100000)
      (plotframeref false)
      (viasonmask false)
      (mode 1)
      (useauxorigin false)
      (hpglpennumber 1)
      (hpglpenspeed 20)
      (hpglpendiameter 15.000000)
      (psnegative false)
      (psa4output false)
      (plotreference true)
      (plotvalue true)
      (plotinvisibletext false)
      (padsonsilk false)
      (subtractmaskfromsilk false)
      (outputformat 1)
      (mirror false)
      (drillshape 0)
      (scaleselection 1)
      (outputdirectory "gerbers/"))
  )

  (net 0 "")
  (net 1 GND)
  (net 2 /~NMI)
  (net 3 /~WAIT)
  (net 4 /~INT)
  (net 5 /A15)
  (net 6 /A14)
  (net 7 /A13)
  (net 8 /A12)
  (net 9 /A11)
  (net 10 /A10)
  (net 11 /A9)
  (net 12 /A8)
  (net 13 /A7)
  (net 14 /A6)
  (net 15 /A5)
  (net 16 /A4)
  (net 17 /A3)
  (net 18 /A2)
  (net 19 /A1)
  (net 20 /A0)
  (net 21 /D7)
  (net 22 /D2)
  (net 23 /D6)
  (net 24 /D5)
  (net 25 /D3)
  (net 26 /D4)
  (net 27 /~IORQ)
  (net 28 /~RD)
  (net 29 /~WR)
  (net 30 /~MREQ)
  (net 31 /~M1)
  (net 32 /IEO)
  (net 33 /IEI)
  (net 34 /~RESET)
  (net 35 /~HALT)
  (net 36 /RXB)
  (net 37 /TXB)
  (net 38 /RXA)
  (net 39 /TXA)
  (net 40 /A16)
  (net 41 /A17)
  (net 42 /A18)
  (net 43 VCC)
  (net 44 /~PAGE)
  (net 45 /~RFSH)
  (net 46 "Net-(D2-Pad2)")
  (net 47 "Net-(D4-Pad2)")
  (net 48 "Net-(D5-Pad2)")
  (net 49 "Net-(D6-Pad2)")
  (net 50 "Net-(D7-Pad2)")
  (net 51 "Net-(D8-Pad2)")
  (net 52 "Net-(D9-Pad2)")
  (net 53 "Net-(D10-Pad2)")
  (net 54 /USR6)
  (net 55 /USR5)
  (net 56 /D15)
  (net 57 /D14)
  (net 58 /D13)
  (net 59 /D12)
  (net 60 /D11)
  (net 61 /D10)
  (net 62 /D9)
  (net 63 /D8)
  (net 64 /A19)
  (net 65 /A20)
  (net 66 /A21)
  (net 67 /A22)
  (net 68 /A23)
  (net 69 /USR3)
  (net 70 /USR2)
  (net 71 /USR1)
  (net 72 "Net-(D2-Pad1)")
  (net 73 /CPLD/LED0)
  (net 74 /CPLD/LED1)
  (net 75 /CPLD/LED2)
  (net 76 /CPLD/LED3)
  (net 77 /CPLD/LED4)
  (net 78 /CPLD/LED5)
  (net 79 /CPLD/LED6)
  (net 80 /CPLD/LED7)
  (net 81 /CPLD/TDI)
  (net 82 /CPLD/TMS)
  (net 83 /CPLD/TDO)
  (net 84 /CPLD/TCK)
  (net 85 /Peripherals/~BSTB)
  (net 86 /Peripherals/~ASTB)
  (net 87 /Peripherals/BRDY)
  (net 88 /Peripherals/ARDY)
  (net 89 /Peripherals/PB0)
  (net 90 /Peripherals/PA0)
  (net 91 /Peripherals/PB1)
  (net 92 /Peripherals/PA1)
  (net 93 /Peripherals/PB2)
  (net 94 /Peripherals/PA2)
  (net 95 /Peripherals/PB3)
  (net 96 /Peripherals/PA3)
  (net 97 /Peripherals/PB4)
  (net 98 /Peripherals/PA4)
  (net 99 /Peripherals/PB5)
  (net 100 /Peripherals/PA5)
  (net 101 /Peripherals/PB6)
  (net 102 /Peripherals/PA6)
  (net 103 /Peripherals/PB7)
  (net 104 /Peripherals/PA7)
  (net 105 /CPLD/CLK)
  (net 106 /CPLD/PMOD1)
  (net 107 /CPLD/PMOD2)
  (net 108 /CPLD/PMOD3)
  (net 109 /CPLD/PMOD4)
  (net 110 /CPLD/PMOD7)
  (net 111 /Peripherals/~RTSB)
  (net 112 /Peripherals/~CTSB)
  (net 113 /Peripherals/~RTSA)
  (net 114 /Peripherals/~CTSA)
  (net 115 /CPLD/SW0)
  (net 116 /CPLD/SW1)
  (net 117 /CPLD/SW2)
  (net 118 /CPLD/SW3)
  (net 119 /CPLD/SW4)
  (net 120 /CPLD/SW5)
  (net 121 /CLK_U)
  (net 122 "Net-(D11-Pad2)")
  (net 123 /USR4)
  (net 124 /CLK)
  (net 125 /IDE_~CE~)
  (net 126 /SIO_~CE)
  (net 127 /PIO_~CE)
  (net 128 /CTC_~CE)
  (net 129 "Net-(D13-Pad2)")
  (net 130 "Net-(D13-Pad1)")
  (net 131 /D1)
  (net 132 /D0)
  (net 133 /~BUSRQ)
  (net 134 /~BUSAK)
  (net 135 "Net-(J8-Pad3)")
  (net 136 /ROM_~CE)
  (net 137 /RAM_~CE)
  (net 138 /CLK_CPU)
  (net 139 /Peripherals/IEO_0)
  (net 140 /Peripherals/IEO_1)
  (net 141 +3V3)
  (net 142 /CPLD/OE1)
  (net 143 /CPLD/PMOD/P7)
  (net 144 /CPLD/PMOD/P1)
  (net 145 /CPLD/PMOD/P2)
  (net 146 /CPLD/PMOD/P4)
  (net 147 /CPLD/PMOD/P3)
  (net 148 /CPLD/USER_PB)
  (net 149 /CPLD/PMOD/P8)
  (net 150 /CPLD/PMOD/P9)
  (net 151 /CPLD/PMOD/P10)
  (net 152 "Net-(RN3-Pad10)")
  (net 153 "Net-(RN3-Pad9)")
  (net 154 "Net-(RN3-Pad16)")
  (net 155 "Net-(RN3-Pad15)")
  (net 156 "Net-(RN3-Pad14)")
  (net 157 "Net-(RN3-Pad11)")
  (net 158 "Net-(RN3-Pad12)")
  (net 159 "Net-(RN3-Pad13)")
  (net 160 /CPLD/PMOD8)
  (net 161 /CPLD/PMOD9)
  (net 162 /CPLD/PMOD10)
  (net 163 /Peripherals/~ACTIVE)
  (net 164 /Peripherals/~RESET)
  (net 165 /IEO_2)
  (net 166 /CLK2)
  (net 167 /CT0)
  (net 168 /CT3)
  (net 169 /Peripherals/TB)
  (net 170 /Peripherals/RB)
  (net 171 /Peripherals/TA)
  (net 172 /Peripherals/RA)
  (net 173 /Peripherals/CTB)
  (net 174 /Peripherals/RTB)
  (net 175 /Peripherals/CTA)
  (net 176 /Peripherals/RTA)
  (net 177 "Net-(D16-Pad2)")
  (net 178 "Net-(C2-Pad1)")
  (net 179 "Net-(C5-Pad1)")
  (net 180 "Net-(D1-Pad1)")
  (net 181 "Net-(D3-Pad1)")
  (net 182 "Net-(D4-Pad1)")
  (net 183 "Net-(D12-Pad2)")
  (net 184 "Net-(J7-Pad3)")
  (net 185 "Net-(J9-Pad38)")
  (net 186 "Net-(J9-Pad34)")
  (net 187 "Net-(J9-Pad29)")
  (net 188 "Net-(J9-Pad20)")
  (net 189 "Net-(R13-Pad1)")
  (net 190 "Net-(R14-Pad1)")
  (net 191 "Net-(C23-Pad1)")
  (net 192 "Net-(D3-Pad2)")

  (net_class Default "This is the default net class."
    (clearance 0.1524)
    (trace_width 0.1524)
    (via_dia 0.4572)
    (via_drill 0.2286)
    (uvia_dia 0.3)
    (uvia_drill 0.1)
    (add_net /A0)
    (add_net /A1)
    (add_net /A10)
    (add_net /A11)
    (add_net /A12)
    (add_net /A13)
    (add_net /A14)
    (add_net /A15)
    (add_net /A16)
    (add_net /A17)
    (add_net /A18)
    (add_net /A19)
    (add_net /A2)
    (add_net /A20)
    (add_net /A21)
    (add_net /A22)
    (add_net /A23)
    (add_net /A3)
    (add_net /A4)
    (add_net /A5)
    (add_net /A6)
    (add_net /A7)
    (add_net /A8)
    (add_net /A9)
    (add_net /CLK)
    (add_net /CLK2)
    (add_net /CLK_CPU)
    (add_net /CLK_U)
    (add_net /CPLD/CLK)
    (add_net /CPLD/LED0)
    (add_net /CPLD/LED1)
    (add_net /CPLD/LED2)
    (add_net /CPLD/LED3)
    (add_net /CPLD/LED4)
    (add_net /CPLD/LED5)
    (add_net /CPLD/LED6)
    (add_net /CPLD/LED7)
    (add_net /CPLD/OE1)
    (add_net /CPLD/PMOD/P1)
    (add_net /CPLD/PMOD/P10)
    (add_net /CPLD/PMOD/P2)
    (add_net /CPLD/PMOD/P3)
    (add_net /CPLD/PMOD/P4)
    (add_net /CPLD/PMOD/P7)
    (add_net /CPLD/PMOD/P8)
    (add_net /CPLD/PMOD/P9)
    (add_net /CPLD/PMOD1)
    (add_net /CPLD/PMOD10)
    (add_net /CPLD/PMOD2)
    (add_net /CPLD/PMOD3)
    (add_net /CPLD/PMOD4)
    (add_net /CPLD/PMOD7)
    (add_net /CPLD/PMOD8)
    (add_net /CPLD/PMOD9)
    (add_net /CPLD/SW0)
    (add_net /CPLD/SW1)
    (add_net /CPLD/SW2)
    (add_net /CPLD/SW3)
    (add_net /CPLD/SW4)
    (add_net /CPLD/SW5)
    (add_net /CPLD/TCK)
    (add_net /CPLD/TDI)
    (add_net /CPLD/TDO)
    (add_net /CPLD/TMS)
    (add_net /CPLD/USER_PB)
    (add_net /CT0)
    (add_net /CT3)
    (add_net /CTC_~CE)
    (add_net /D0)
    (add_net /D1)
    (add_net /D10)
    (add_net /D11)
    (add_net /D12)
    (add_net /D13)
    (add_net /D14)
    (add_net /D15)
    (add_net /D2)
    (add_net /D3)
    (add_net /D4)
    (add_net /D5)
    (add_net /D6)
    (add_net /D7)
    (add_net /D8)
    (add_net /D9)
    (add_net /IDE_~CE~)
    (add_net /IEI)
    (add_net /IEO)
    (add_net /IEO_2)
    (add_net /PIO_~CE)
    (add_net /Peripherals/ARDY)
    (add_net /Peripherals/BRDY)
    (add_net /Peripherals/CTA)
    (add_net /Peripherals/CTB)
    (add_net /Peripherals/IEO_0)
    (add_net /Peripherals/IEO_1)
    (add_net /Peripherals/PA0)
    (add_net /Peripherals/PA1)
    (add_net /Peripherals/PA2)
    (add_net /Peripherals/PA3)
    (add_net /Peripherals/PA4)
    (add_net /Peripherals/PA5)
    (add_net /Peripherals/PA6)
    (add_net /Peripherals/PA7)
    (add_net /Peripherals/PB0)
    (add_net /Peripherals/PB1)
    (add_net /Peripherals/PB2)
    (add_net /Peripherals/PB3)
    (add_net /Peripherals/PB4)
    (add_net /Peripherals/PB5)
    (add_net /Peripherals/PB6)
    (add_net /Peripherals/PB7)
    (add_net /Peripherals/RA)
    (add_net /Peripherals/RB)
    (add_net /Peripherals/RTA)
    (add_net /Peripherals/RTB)
    (add_net /Peripherals/TA)
    (add_net /Peripherals/TB)
    (add_net /Peripherals/~ACTIVE)
    (add_net /Peripherals/~ASTB)
    (add_net /Peripherals/~BSTB)
    (add_net /Peripherals/~CTSA)
    (add_net /Peripherals/~CTSB)
    (add_net /Peripherals/~RESET)
    (add_net /Peripherals/~RTSA)
    (add_net /Peripherals/~RTSB)
    (add_net /RAM_~CE)
    (add_net /ROM_~CE)
    (add_net /RXA)
    (add_net /RXB)
    (add_net /SIO_~CE)
    (add_net /TXA)
    (add_net /TXB)
    (add_net /USR1)
    (add_net /USR2)
    (add_net /USR3)
    (add_net /USR4)
    (add_net /USR5)
    (add_net /USR6)
    (add_net /~BUSAK)
    (add_net /~BUSRQ)
    (add_net /~HALT)
    (add_net /~INT)
    (add_net /~IORQ)
    (add_net /~M1)
    (add_net /~MREQ)
    (add_net /~NMI)
    (add_net /~PAGE)
    (add_net /~RD)
    (add_net /~RESET)
    (add_net /~RFSH)
    (add_net /~WAIT)
    (add_net /~WR)
    (add_net "Net-(C2-Pad1)")
    (add_net "Net-(C23-Pad1)")
    (add_net "Net-(C5-Pad1)")
    (add_net "Net-(D1-Pad1)")
    (add_net "Net-(D10-Pad2)")
    (add_net "Net-(D11-Pad2)")
    (add_net "Net-(D12-Pad2)")
    (add_net "Net-(D13-Pad1)")
    (add_net "Net-(D13-Pad2)")
    (add_net "Net-(D16-Pad2)")
    (add_net "Net-(D2-Pad1)")
    (add_net "Net-(D2-Pad2)")
    (add_net "Net-(D3-Pad1)")
    (add_net "Net-(D3-Pad2)")
    (add_net "Net-(D4-Pad1)")
    (add_net "Net-(D4-Pad2)")
    (add_net "Net-(D5-Pad2)")
    (add_net "Net-(D6-Pad2)")
    (add_net "Net-(D7-Pad2)")
    (add_net "Net-(D8-Pad2)")
    (add_net "Net-(D9-Pad2)")
    (add_net "Net-(J1-Pad2)")
    (add_net "Net-(J1-Pad3)")
    (add_net "Net-(J2-Pad10)")
    (add_net "Net-(J2-Pad12)")
    (add_net "Net-(J2-Pad14)")
    (add_net "Net-(J2-Pad16)")
    (add_net "Net-(J2-Pad2)")
    (add_net "Net-(J2-Pad4)")
    (add_net "Net-(J2-Pad6)")
    (add_net "Net-(J2-Pad8)")
    (add_net "Net-(J3-Pad10)")
    (add_net "Net-(J3-Pad12)")
    (add_net "Net-(J3-Pad14)")
    (add_net "Net-(J3-Pad16)")
    (add_net "Net-(J3-Pad2)")
    (add_net "Net-(J3-Pad4)")
    (add_net "Net-(J3-Pad6)")
    (add_net "Net-(J3-Pad8)")
    (add_net "Net-(J4-Pad6)")
    (add_net "Net-(J4-Pad7)")
    (add_net "Net-(J4-Pad8)")
    (add_net "Net-(J7-Pad3)")
    (add_net "Net-(J8-Pad3)")
    (add_net "Net-(J9-Pad10)")
    (add_net "Net-(J9-Pad12)")
    (add_net "Net-(J9-Pad14)")
    (add_net "Net-(J9-Pad16)")
    (add_net "Net-(J9-Pad18)")
    (add_net "Net-(J9-Pad20)")
    (add_net "Net-(J9-Pad21)")
    (add_net "Net-(J9-Pad27)")
    (add_net "Net-(J9-Pad28)")
    (add_net "Net-(J9-Pad29)")
    (add_net "Net-(J9-Pad31)")
    (add_net "Net-(J9-Pad32)")
    (add_net "Net-(J9-Pad34)")
    (add_net "Net-(J9-Pad38)")
    (add_net "Net-(J9-Pad4)")
    (add_net "Net-(J9-Pad6)")
    (add_net "Net-(J9-Pad8)")
    (add_net "Net-(R13-Pad1)")
    (add_net "Net-(R14-Pad1)")
    (add_net "Net-(RN1-Pad4)")
    (add_net "Net-(RN1-Pad5)")
    (add_net "Net-(RN3-Pad10)")
    (add_net "Net-(RN3-Pad11)")
    (add_net "Net-(RN3-Pad12)")
    (add_net "Net-(RN3-Pad13)")
    (add_net "Net-(RN3-Pad14)")
    (add_net "Net-(RN3-Pad15)")
    (add_net "Net-(RN3-Pad16)")
    (add_net "Net-(RN3-Pad9)")
    (add_net "Net-(U1-Pad4)")
    (add_net "Net-(U11-Pad11)")
    (add_net "Net-(U11-Pad15)")
    (add_net "Net-(U11-Pad16)")
    (add_net "Net-(U11-Pad17)")
    (add_net "Net-(U11-Pad19)")
    (add_net "Net-(U11-Pad20)")
    (add_net "Net-(U11-Pad24)")
    (add_net "Net-(U11-Pad26)")
    (add_net "Net-(U11-Pad28)")
    (add_net "Net-(U11-Pad30)")
    (add_net "Net-(U11-Pad34)")
    (add_net "Net-(U11-Pad38)")
    (add_net "Net-(U11-Pad39)")
    (add_net "Net-(U11-Pad42)")
    (add_net "Net-(U11-Pad44)")
    (add_net "Net-(U11-Pad5)")
    (add_net "Net-(U11-Pad6)")
    (add_net "Net-(U11-Pad7)")
    (add_net "Net-(U12-Pad1)")
    (add_net "Net-(U12-Pad10)")
    (add_net "Net-(U12-Pad15)")
    (add_net "Net-(U12-Pad16)")
    (add_net "Net-(U12-Pad17)")
    (add_net "Net-(U12-Pad28)")
    (add_net "Net-(U12-Pad38)")
    (add_net "Net-(U12-Pad39)")
    (add_net "Net-(U12-Pad40)")
    (add_net "Net-(U13-Pad2)")
    (add_net "Net-(U13-Pad28)")
    (add_net "Net-(U13-Pad39)")
    (add_net "Net-(U6-Pad11)")
    (add_net "Net-(U6-Pad17)")
    (add_net "Net-(U6-Pad33)")
    (add_net "Net-(U6-Pad39)")
    (add_net "Net-(U7-Pad1)")
    (add_net "Net-(U7-Pad2)")
    (add_net "Net-(U7-Pad22)")
    (add_net "Net-(U7-Pad24)")
    (add_net "Net-(U7-Pad27)")
    (add_net "Net-(U7-Pad28)")
    (add_net "Net-(U7-Pad37)")
    (add_net "Net-(U7-Pad49)")
    (add_net "Net-(U7-Pad5)")
    (add_net "Net-(U7-Pad50)")
    (add_net "Net-(U7-Pad53)")
    (add_net "Net-(U7-Pad55)")
    (add_net "Net-(U7-Pad7)")
    (add_net "Net-(U7-Pad70)")
    (add_net "Net-(U7-Pad72)")
    (add_net "Net-(U7-Pad77)")
    (add_net "Net-(U7-Pad78)")
  )

  (net_class Power ""
    (clearance 0.1524)
    (trace_width 0.4064)
    (via_dia 0.8128)
    (via_drill 0.4064)
    (uvia_dia 0.3)
    (uvia_drill 0.1)
    (add_net +3V3)
    (add_net GND)
    (add_net VCC)
  )

  (module Package_TO_SOT_SMD:SOT-363_SC-70-6_Handsoldering (layer B.Cu) (tedit 5A02FF57) (tstamp 5DABBB81)
    (at 159.004 55.499 180)
    (descr "SOT-363, SC-70-6, Handsoldering")
    (tags "SOT-363 SC-70-6 Handsoldering")
    (path /5D6224DC/5DBF5BBF)
    (attr smd)
    (fp_text reference U14 (at 0 2) (layer B.SilkS)
      (effects (font (size 1 1) (thickness 0.15)) (justify mirror))
    )
    (fp_text value 74AHCT2G04 (at 0 -2 180) (layer B.Fab)
      (effects (font (size 1 1) (thickness 0.15)) (justify mirror))
    )
    (fp_line (start -0.175 1.1) (end -0.675 0.6) (layer B.Fab) (width 0.1))
    (fp_line (start 0.675 -1.1) (end -0.675 -1.1) (layer B.Fab) (width 0.1))
    (fp_line (start 0.675 1.1) (end 0.675 -1.1) (layer B.Fab) (width 0.1))
    (fp_line (start -0.675 0.6) (end -0.675 -1.1) (layer B.Fab) (width 0.1))
    (fp_line (start 0.675 1.1) (end -0.175 1.1) (layer B.Fab) (width 0.1))
    (fp_line (start -2.4 1.4) (end 2.4 1.4) (layer B.CrtYd) (width 0.05))
    (fp_line (start -2.4 1.4) (end -2.4 -1.4) (layer B.CrtYd) (width 0.05))
    (fp_line (start 2.4 -1.4) (end 2.4 1.4) (layer B.CrtYd) (width 0.05))
    (fp_line (start -0.7 -1.16) (end 0.7 -1.16) (layer B.SilkS) (width 0.12))
    (fp_line (start 0.7 1.16) (end -1.2 1.16) (layer B.SilkS) (width 0.12))
    (fp_line (start -2.4 -1.4) (end 2.4 -1.4) (layer B.CrtYd) (width 0.05))
    (fp_text user %R (at 0 0 270) (layer B.Fab)
      (effects (font (size 0.5 0.5) (thickness 0.075)) (justify mirror))
    )
    (pad 6 smd rect (at 1.33 0.65 180) (size 1.5 0.4) (layers B.Cu B.Paste B.Mask)
      (net 192 "Net-(D3-Pad2)"))
    (pad 5 smd rect (at 1.33 0 180) (size 1.5 0.4) (layers B.Cu B.Paste B.Mask)
      (net 43 VCC))
    (pad 4 smd rect (at 1.33 -0.65 180) (size 1.5 0.4) (layers B.Cu B.Paste B.Mask)
      (net 46 "Net-(D2-Pad2)"))
    (pad 3 smd rect (at -1.33 -0.65 180) (size 1.5 0.4) (layers B.Cu B.Paste B.Mask)
      (net 136 /ROM_~CE))
    (pad 2 smd rect (at -1.33 0 180) (size 1.5 0.4) (layers B.Cu B.Paste B.Mask)
      (net 1 GND))
    (pad 1 smd rect (at -1.33 0.65 180) (size 1.5 0.4) (layers B.Cu B.Paste B.Mask)
      (net 137 /RAM_~CE))
    (model ${KISYS3DMOD}/Package_TO_SOT_SMD.3dshapes/SOT-363_SC-70-6.wrl
      (at (xyz 0 0 0))
      (scale (xyz 1 1 1))
      (rotate (xyz 0 0 0))
    )
  )

  (module Package_TO_SOT_SMD:SOT-353_SC-70-5_Handsoldering (layer B.Cu) (tedit 5C9ED275) (tstamp 5DABB709)
    (at 163.957 55.499 180)
    (descr "SOT-353, SC-70-5, Handsoldering")
    (tags "SOT-353 SC-70-5 Handsoldering")
    (path /5D6224DC/5DC6BE1B)
    (attr smd)
    (fp_text reference U5 (at 0 2) (layer B.SilkS)
      (effects (font (size 1 1) (thickness 0.15)) (justify mirror))
    )
    (fp_text value 74AHCT1G02 (at 0 -2 180) (layer B.Fab)
      (effects (font (size 1 1) (thickness 0.15)) (justify mirror))
    )
    (fp_line (start -0.175 1.1) (end -0.675 0.6) (layer B.Fab) (width 0.1))
    (fp_line (start 0.675 -1.1) (end -0.675 -1.1) (layer B.Fab) (width 0.1))
    (fp_line (start 0.675 1.1) (end 0.675 -1.1) (layer B.Fab) (width 0.1))
    (fp_line (start -2.4 -1.4) (end 2.4 -1.4) (layer B.CrtYd) (width 0.05))
    (fp_line (start -0.675 0.6) (end -0.675 -1.1) (layer B.Fab) (width 0.1))
    (fp_line (start 0.675 1.1) (end -0.175 1.1) (layer B.Fab) (width 0.1))
    (fp_line (start -2.4 1.4) (end 2.4 1.4) (layer B.CrtYd) (width 0.05))
    (fp_line (start -2.4 1.4) (end -2.4 -1.4) (layer B.CrtYd) (width 0.05))
    (fp_line (start 2.4 -1.4) (end 2.4 1.4) (layer B.CrtYd) (width 0.05))
    (fp_line (start -0.7 -1.16) (end 0.7 -1.16) (layer B.SilkS) (width 0.12))
    (fp_line (start 0.7 1.16) (end -1.2 1.16) (layer B.SilkS) (width 0.12))
    (fp_text user %R (at 0 0 270) (layer B.Fab)
      (effects (font (size 0.5 0.5) (thickness 0.075)) (justify mirror))
    )
    (pad 5 smd rect (at 1.33 0.65 180) (size 1.5 0.4) (layers B.Cu B.Paste B.Mask)
      (net 43 VCC))
    (pad 4 smd rect (at 1.33 -0.65 180) (size 1.5 0.4) (layers B.Cu B.Paste B.Mask)
      (net 47 "Net-(D4-Pad2)"))
    (pad 3 smd rect (at -1.33 -0.65 180) (size 1.5 0.4) (layers B.Cu B.Paste B.Mask)
      (net 1 GND))
    (pad 2 smd rect (at -1.33 0 180) (size 1.5 0.4) (layers B.Cu B.Paste B.Mask)
      (net 29 /~WR))
    (pad 1 smd rect (at -1.33 0.65 180) (size 1.5 0.4) (layers B.Cu B.Paste B.Mask)
      (net 136 /ROM_~CE))
    (model ${KISYS3DMOD}/Package_TO_SOT_SMD.3dshapes/SOT-353_SC-70-5.wrl
      (at (xyz 0 0 0))
      (scale (xyz 1 1 1))
      (rotate (xyz 0 0 0))
    )
  )

  (module Resistor_SMD:R_0603_1608Metric_Pad1.05x0.95mm_HandSolder (layer B.Cu) (tedit 5B301BBD) (tstamp 5DABAFDE)
    (at 163.195 51.308 180)
    (descr "Resistor SMD 0603 (1608 Metric), square (rectangular) end terminal, IPC_7351 nominal with elongated pad for handsoldering. (Body size source: http://www.tortai-tech.com/upload/download/2011102023233369053.pdf), generated with kicad-footprint-generator")
    (tags "resistor handsolder")
    (path /5D6224DC/5DBEF09C)
    (attr smd)
    (fp_text reference R10 (at 0 1.43) (layer B.SilkS)
      (effects (font (size 1 1) (thickness 0.15)) (justify mirror))
    )
    (fp_text value 1K (at 0 -1.43) (layer B.Fab)
      (effects (font (size 1 1) (thickness 0.15)) (justify mirror))
    )
    (fp_text user %R (at 0 0) (layer B.Fab)
      (effects (font (size 0.4 0.4) (thickness 0.06)) (justify mirror))
    )
    (fp_line (start 1.65 -0.73) (end -1.65 -0.73) (layer B.CrtYd) (width 0.05))
    (fp_line (start 1.65 0.73) (end 1.65 -0.73) (layer B.CrtYd) (width 0.05))
    (fp_line (start -1.65 0.73) (end 1.65 0.73) (layer B.CrtYd) (width 0.05))
    (fp_line (start -1.65 -0.73) (end -1.65 0.73) (layer B.CrtYd) (width 0.05))
    (fp_line (start -0.171267 -0.51) (end 0.171267 -0.51) (layer B.SilkS) (width 0.12))
    (fp_line (start -0.171267 0.51) (end 0.171267 0.51) (layer B.SilkS) (width 0.12))
    (fp_line (start 0.8 -0.4) (end -0.8 -0.4) (layer B.Fab) (width 0.1))
    (fp_line (start 0.8 0.4) (end 0.8 -0.4) (layer B.Fab) (width 0.1))
    (fp_line (start -0.8 0.4) (end 0.8 0.4) (layer B.Fab) (width 0.1))
    (fp_line (start -0.8 -0.4) (end -0.8 0.4) (layer B.Fab) (width 0.1))
    (pad 2 smd roundrect (at 0.875 0 180) (size 1.05 0.95) (layers B.Cu B.Paste B.Mask) (roundrect_rratio 0.25)
      (net 72 "Net-(D2-Pad1)"))
    (pad 1 smd roundrect (at -0.875 0 180) (size 1.05 0.95) (layers B.Cu B.Paste B.Mask) (roundrect_rratio 0.25)
      (net 1 GND))
    (model ${KISYS3DMOD}/Resistor_SMD.3dshapes/R_0603_1608Metric.wrl
      (at (xyz 0 0 0))
      (scale (xyz 1 1 1))
      (rotate (xyz 0 0 0))
    )
  )

  (module LED_SMD:LED_0603_1608Metric_Pad1.05x0.95mm_HandSolder (layer F.Cu) (tedit 5B4B45C9) (tstamp 5DABA011)
    (at 163.195 51.308)
    (descr "LED SMD 0603 (1608 Metric), square (rectangular) end terminal, IPC_7351 nominal, (Body size source: http://www.tortai-tech.com/upload/download/2011102023233369053.pdf), generated with kicad-footprint-generator")
    (tags "LED handsolder")
    (path /5D6224DC/5DBEF096)
    (attr smd)
    (fp_text reference D2 (at 0 -1.43) (layer F.SilkS)
      (effects (font (size 1 1) (thickness 0.15)))
    )
    (fp_text value GRN (at 0 1.43) (layer F.Fab)
      (effects (font (size 1 1) (thickness 0.15)))
    )
    (fp_text user %R (at 0 0) (layer F.Fab)
      (effects (font (size 0.4 0.4) (thickness 0.06)))
    )
    (fp_line (start 1.65 0.73) (end -1.65 0.73) (layer F.CrtYd) (width 0.05))
    (fp_line (start 1.65 -0.73) (end 1.65 0.73) (layer F.CrtYd) (width 0.05))
    (fp_line (start -1.65 -0.73) (end 1.65 -0.73) (layer F.CrtYd) (width 0.05))
    (fp_line (start -1.65 0.73) (end -1.65 -0.73) (layer F.CrtYd) (width 0.05))
    (fp_line (start -1.66 0.735) (end 0.8 0.735) (layer F.SilkS) (width 0.12))
    (fp_line (start -1.66 -0.735) (end -1.66 0.735) (layer F.SilkS) (width 0.12))
    (fp_line (start 0.8 -0.735) (end -1.66 -0.735) (layer F.SilkS) (width 0.12))
    (fp_line (start 0.8 0.4) (end 0.8 -0.4) (layer F.Fab) (width 0.1))
    (fp_line (start -0.8 0.4) (end 0.8 0.4) (layer F.Fab) (width 0.1))
    (fp_line (start -0.8 -0.1) (end -0.8 0.4) (layer F.Fab) (width 0.1))
    (fp_line (start -0.5 -0.4) (end -0.8 -0.1) (layer F.Fab) (width 0.1))
    (fp_line (start 0.8 -0.4) (end -0.5 -0.4) (layer F.Fab) (width 0.1))
    (pad 2 smd roundrect (at 0.875 0) (size 1.05 0.95) (layers F.Cu F.Paste F.Mask) (roundrect_rratio 0.25)
      (net 46 "Net-(D2-Pad2)"))
    (pad 1 smd roundrect (at -0.875 0) (size 1.05 0.95) (layers F.Cu F.Paste F.Mask) (roundrect_rratio 0.25)
      (net 72 "Net-(D2-Pad1)"))
    (model ${KISYS3DMOD}/LED_SMD.3dshapes/LED_0603_1608Metric.wrl
      (at (xyz 0 0 0))
      (scale (xyz 1 1 1))
      (rotate (xyz 0 0 0))
    )
  )

  (module Package_TO_SOT_SMD:SOT-23-5 (layer F.Cu) (tedit 5A02FF57) (tstamp 5D9F2982)
    (at 111.93 74.864)
    (descr "5-pin SOT23 package")
    (tags SOT-23-5)
    (path /5D70CA34/5DC790D1/5DA3D2AC)
    (attr smd)
    (fp_text reference U9 (at 0.084 2.352) (layer F.SilkS)
      (effects (font (size 0.8128 0.8128) (thickness 0.1524)))
    )
    (fp_text value LP2985-3.3 (at 0 2.9) (layer F.Fab)
      (effects (font (size 1 1) (thickness 0.15)))
    )
    (fp_line (start 0.9 -1.55) (end 0.9 1.55) (layer F.Fab) (width 0.1))
    (fp_line (start 0.9 1.55) (end -0.9 1.55) (layer F.Fab) (width 0.1))
    (fp_line (start -0.9 -0.9) (end -0.9 1.55) (layer F.Fab) (width 0.1))
    (fp_line (start 0.9 -1.55) (end -0.25 -1.55) (layer F.Fab) (width 0.1))
    (fp_line (start -0.9 -0.9) (end -0.25 -1.55) (layer F.Fab) (width 0.1))
    (fp_line (start -1.9 1.8) (end -1.9 -1.8) (layer F.CrtYd) (width 0.05))
    (fp_line (start 1.9 1.8) (end -1.9 1.8) (layer F.CrtYd) (width 0.05))
    (fp_line (start 1.9 -1.8) (end 1.9 1.8) (layer F.CrtYd) (width 0.05))
    (fp_line (start -1.9 -1.8) (end 1.9 -1.8) (layer F.CrtYd) (width 0.05))
    (fp_line (start 0.9 -1.61) (end -1.55 -1.61) (layer F.SilkS) (width 0.12))
    (fp_line (start -0.9 1.61) (end 0.9 1.61) (layer F.SilkS) (width 0.12))
    (fp_text user %R (at 0 0 90) (layer F.Fab)
      (effects (font (size 0.5 0.5) (thickness 0.075)))
    )
    (pad 5 smd rect (at 1.1 -0.95) (size 1.06 0.65) (layers F.Cu F.Paste F.Mask)
      (net 141 +3V3))
    (pad 4 smd rect (at 1.1 0.95) (size 1.06 0.65) (layers F.Cu F.Paste F.Mask)
      (net 191 "Net-(C23-Pad1)"))
    (pad 3 smd rect (at -1.1 0.95) (size 1.06 0.65) (layers F.Cu F.Paste F.Mask)
      (net 43 VCC))
    (pad 2 smd rect (at -1.1 0) (size 1.06 0.65) (layers F.Cu F.Paste F.Mask)
      (net 1 GND))
    (pad 1 smd rect (at -1.1 -0.95) (size 1.06 0.65) (layers F.Cu F.Paste F.Mask)
      (net 43 VCC))
    (model ${KISYS3DMOD}/Package_TO_SOT_SMD.3dshapes/SOT-23-5.wrl
      (at (xyz 0 0 0))
      (scale (xyz 1 1 1))
      (rotate (xyz 0 0 0))
    )
  )

  (module Capacitor_SMD:C_0603_1608Metric_Pad1.05x0.95mm_HandSolder (layer F.Cu) (tedit 5B301BBE) (tstamp 5DA2E6C0)
    (at 115.57 73.914)
    (descr "Capacitor SMD 0603 (1608 Metric), square (rectangular) end terminal, IPC_7351 nominal with elongated pad for handsoldering. (Body size source: http://www.tortai-tech.com/upload/download/2011102023233369053.pdf), generated with kicad-footprint-generator")
    (tags "capacitor handsolder")
    (path /5D70CA34/5DC790D1/5DA600EB)
    (attr smd)
    (fp_text reference C32 (at 3.048 0) (layer F.SilkS)
      (effects (font (size 0.8128 0.8128) (thickness 0.1524)))
    )
    (fp_text value 1uF (at 0 1.43) (layer F.Fab)
      (effects (font (size 1 1) (thickness 0.15)))
    )
    (fp_text user %R (at 0 0) (layer F.Fab)
      (effects (font (size 0.4 0.4) (thickness 0.06)))
    )
    (fp_line (start 1.65 0.73) (end -1.65 0.73) (layer F.CrtYd) (width 0.05))
    (fp_line (start 1.65 -0.73) (end 1.65 0.73) (layer F.CrtYd) (width 0.05))
    (fp_line (start -1.65 -0.73) (end 1.65 -0.73) (layer F.CrtYd) (width 0.05))
    (fp_line (start -1.65 0.73) (end -1.65 -0.73) (layer F.CrtYd) (width 0.05))
    (fp_line (start -0.171267 0.51) (end 0.171267 0.51) (layer F.SilkS) (width 0.12))
    (fp_line (start -0.171267 -0.51) (end 0.171267 -0.51) (layer F.SilkS) (width 0.12))
    (fp_line (start 0.8 0.4) (end -0.8 0.4) (layer F.Fab) (width 0.1))
    (fp_line (start 0.8 -0.4) (end 0.8 0.4) (layer F.Fab) (width 0.1))
    (fp_line (start -0.8 -0.4) (end 0.8 -0.4) (layer F.Fab) (width 0.1))
    (fp_line (start -0.8 0.4) (end -0.8 -0.4) (layer F.Fab) (width 0.1))
    (pad 2 smd roundrect (at 0.875 0) (size 1.05 0.95) (layers F.Cu F.Paste F.Mask) (roundrect_rratio 0.25)
      (net 1 GND))
    (pad 1 smd roundrect (at -0.875 0) (size 1.05 0.95) (layers F.Cu F.Paste F.Mask) (roundrect_rratio 0.25)
      (net 141 +3V3))
    (model ${KISYS3DMOD}/Capacitor_SMD.3dshapes/C_0603_1608Metric.wrl
      (at (xyz 0 0 0))
      (scale (xyz 1 1 1))
      (rotate (xyz 0 0 0))
    )
  )

  (module Package_TO_SOT_SMD:SOT-23 (layer F.Cu) (tedit 5A02FF57) (tstamp 5D9E8146)
    (at 108.458 58.928)
    (descr "SOT-23, Standard")
    (tags SOT-23)
    (path /5E47A0E9)
    (attr smd)
    (fp_text reference U2 (at 0 -2.5) (layer F.SilkS)
      (effects (font (size 1 1) (thickness 0.15)))
    )
    (fp_text value DS1813R-5+T&R (at 0 2.5) (layer F.Fab)
      (effects (font (size 1 1) (thickness 0.15)))
    )
    (fp_line (start 0.76 1.58) (end -0.7 1.58) (layer F.SilkS) (width 0.12))
    (fp_line (start 0.76 -1.58) (end -1.4 -1.58) (layer F.SilkS) (width 0.12))
    (fp_line (start -1.7 1.75) (end -1.7 -1.75) (layer F.CrtYd) (width 0.05))
    (fp_line (start 1.7 1.75) (end -1.7 1.75) (layer F.CrtYd) (width 0.05))
    (fp_line (start 1.7 -1.75) (end 1.7 1.75) (layer F.CrtYd) (width 0.05))
    (fp_line (start -1.7 -1.75) (end 1.7 -1.75) (layer F.CrtYd) (width 0.05))
    (fp_line (start 0.76 -1.58) (end 0.76 -0.65) (layer F.SilkS) (width 0.12))
    (fp_line (start 0.76 1.58) (end 0.76 0.65) (layer F.SilkS) (width 0.12))
    (fp_line (start -0.7 1.52) (end 0.7 1.52) (layer F.Fab) (width 0.1))
    (fp_line (start 0.7 -1.52) (end 0.7 1.52) (layer F.Fab) (width 0.1))
    (fp_line (start -0.7 -0.95) (end -0.15 -1.52) (layer F.Fab) (width 0.1))
    (fp_line (start -0.15 -1.52) (end 0.7 -1.52) (layer F.Fab) (width 0.1))
    (fp_line (start -0.7 -0.95) (end -0.7 1.5) (layer F.Fab) (width 0.1))
    (fp_text user %R (at 0 0 90) (layer F.Fab)
      (effects (font (size 0.5 0.5) (thickness 0.075)))
    )
    (pad 3 smd rect (at 1 0) (size 0.9 0.8) (layers F.Cu F.Paste F.Mask)
      (net 1 GND))
    (pad 2 smd rect (at -1 0.95) (size 0.9 0.8) (layers F.Cu F.Paste F.Mask)
      (net 43 VCC))
    (pad 1 smd rect (at -1 -0.95) (size 0.9 0.8) (layers F.Cu F.Paste F.Mask)
      (net 34 /~RESET))
    (model ${KISYS3DMOD}/Package_TO_SOT_SMD.3dshapes/SOT-23.wrl
      (at (xyz 0 0 0))
      (scale (xyz 1 1 1))
      (rotate (xyz 0 0 0))
    )
  )

  (module Button_Switch_SMD:SW_SPST_FSMSM (layer F.Cu) (tedit 5A02FC95) (tstamp 5D9E7FD5)
    (at 104.14 54.61 90)
    (descr http://www.te.com/commerce/DocumentDelivery/DDEController?Action=srchrtrv&DocNm=1437566-3&DocType=Customer+Drawing&DocLang=English)
    (tags "SPST button tactile switch")
    (path /5E47A0EF)
    (attr smd)
    (fp_text reference SW1 (at 0 -2.6 90) (layer F.SilkS)
      (effects (font (size 1 1) (thickness 0.15)))
    )
    (fp_text value Reset (at 0 3 90) (layer F.Fab)
      (effects (font (size 1 1) (thickness 0.15)))
    )
    (fp_line (start -5.95 -2) (end 5.95 -2) (layer F.CrtYd) (width 0.05))
    (fp_line (start -5.95 -2) (end -5.95 2) (layer F.CrtYd) (width 0.05))
    (fp_line (start 3 -1.75) (end 3 1.75) (layer F.Fab) (width 0.1))
    (fp_line (start -3 -1.75) (end -3 1.75) (layer F.Fab) (width 0.1))
    (fp_line (start -3 -1.75) (end 3 -1.75) (layer F.Fab) (width 0.1))
    (fp_line (start -3 1.75) (end 3 1.75) (layer F.Fab) (width 0.1))
    (fp_line (start 5.95 -2) (end 5.95 2) (layer F.CrtYd) (width 0.05))
    (fp_line (start -5.95 2) (end 5.95 2) (layer F.CrtYd) (width 0.05))
    (fp_line (start -1.5 -0.8) (end -1.5 0.8) (layer F.Fab) (width 0.1))
    (fp_line (start 1.5 -0.8) (end 1.5 0.8) (layer F.Fab) (width 0.1))
    (fp_line (start -1.5 -0.8) (end 1.5 -0.8) (layer F.Fab) (width 0.1))
    (fp_line (start -1.5 0.8) (end 1.5 0.8) (layer F.Fab) (width 0.1))
    (fp_line (start -3.06 1.81) (end -3.06 -1.81) (layer F.SilkS) (width 0.12))
    (fp_line (start 3.06 1.81) (end -3.06 1.81) (layer F.SilkS) (width 0.12))
    (fp_line (start 3.06 -1.81) (end 3.06 1.81) (layer F.SilkS) (width 0.12))
    (fp_line (start -3.06 -1.81) (end 3.06 -1.81) (layer F.SilkS) (width 0.12))
    (fp_line (start -1.75 1) (end -1.75 -1) (layer F.Fab) (width 0.1))
    (fp_line (start 1.75 1) (end -1.75 1) (layer F.Fab) (width 0.1))
    (fp_line (start 1.75 -1) (end 1.75 1) (layer F.Fab) (width 0.1))
    (fp_line (start -1.75 -1) (end 1.75 -1) (layer F.Fab) (width 0.1))
    (fp_text user %R (at 0 -2.6 90) (layer F.Fab)
      (effects (font (size 1 1) (thickness 0.15)))
    )
    (pad 2 smd rect (at 4.59 0 90) (size 2.18 1.6) (layers F.Cu F.Paste F.Mask)
      (net 1 GND))
    (pad 1 smd rect (at -4.59 0 90) (size 2.18 1.6) (layers F.Cu F.Paste F.Mask)
      (net 34 /~RESET))
    (model ${KISYS3DMOD}/Button_Switch_SMD.3dshapes/SW_SPST_FSMSM.wrl
      (at (xyz 0 0 0))
      (scale (xyz 1 1 1))
      (rotate (xyz 0 0 0))
    )
  )

  (module Resistor_SMD:R_0603_1608Metric_Pad1.05x0.95mm_HandSolder (layer B.Cu) (tedit 5B301BBD) (tstamp 5D9E7ADA)
    (at 186.944 90.17)
    (descr "Resistor SMD 0603 (1608 Metric), square (rectangular) end terminal, IPC_7351 nominal with elongated pad for handsoldering. (Body size source: http://www.tortai-tech.com/upload/download/2011102023233369053.pdf), generated with kicad-footprint-generator")
    (tags "resistor handsolder")
    (path /5E47A0BC)
    (attr smd)
    (fp_text reference R6 (at -2.794 0) (layer B.SilkS)
      (effects (font (size 1 1) (thickness 0.15)) (justify mirror))
    )
    (fp_text value 10K (at 0 -1.43) (layer B.Fab)
      (effects (font (size 1 1) (thickness 0.15)) (justify mirror))
    )
    (fp_text user %R (at 0 0) (layer B.Fab)
      (effects (font (size 0.4 0.4) (thickness 0.06)) (justify mirror))
    )
    (fp_line (start 1.65 -0.73) (end -1.65 -0.73) (layer B.CrtYd) (width 0.05))
    (fp_line (start 1.65 0.73) (end 1.65 -0.73) (layer B.CrtYd) (width 0.05))
    (fp_line (start -1.65 0.73) (end 1.65 0.73) (layer B.CrtYd) (width 0.05))
    (fp_line (start -1.65 -0.73) (end -1.65 0.73) (layer B.CrtYd) (width 0.05))
    (fp_line (start -0.171267 -0.51) (end 0.171267 -0.51) (layer B.SilkS) (width 0.12))
    (fp_line (start -0.171267 0.51) (end 0.171267 0.51) (layer B.SilkS) (width 0.12))
    (fp_line (start 0.8 -0.4) (end -0.8 -0.4) (layer B.Fab) (width 0.1))
    (fp_line (start 0.8 0.4) (end 0.8 -0.4) (layer B.Fab) (width 0.1))
    (fp_line (start -0.8 0.4) (end 0.8 0.4) (layer B.Fab) (width 0.1))
    (fp_line (start -0.8 -0.4) (end -0.8 0.4) (layer B.Fab) (width 0.1))
    (pad 2 smd roundrect (at 0.875 0) (size 1.05 0.95) (layers B.Cu B.Paste B.Mask) (roundrect_rratio 0.25)
      (net 133 /~BUSRQ))
    (pad 1 smd roundrect (at -0.875 0) (size 1.05 0.95) (layers B.Cu B.Paste B.Mask) (roundrect_rratio 0.25)
      (net 43 VCC))
    (model ${KISYS3DMOD}/Resistor_SMD.3dshapes/R_0603_1608Metric.wrl
      (at (xyz 0 0 0))
      (scale (xyz 1 1 1))
      (rotate (xyz 0 0 0))
    )
  )

  (module Resistor_SMD:R_0603_1608Metric_Pad1.05x0.95mm_HandSolder (layer B.Cu) (tedit 5B301BBD) (tstamp 5D9E7AC9)
    (at 186.944 91.694)
    (descr "Resistor SMD 0603 (1608 Metric), square (rectangular) end terminal, IPC_7351 nominal with elongated pad for handsoldering. (Body size source: http://www.tortai-tech.com/upload/download/2011102023233369053.pdf), generated with kicad-footprint-generator")
    (tags "resistor handsolder")
    (path /5E47A0C2)
    (attr smd)
    (fp_text reference R5 (at -2.794 0) (layer B.SilkS)
      (effects (font (size 1 1) (thickness 0.15)) (justify mirror))
    )
    (fp_text value 10K (at 0 -1.43) (layer B.Fab)
      (effects (font (size 1 1) (thickness 0.15)) (justify mirror))
    )
    (fp_text user %R (at 0 0) (layer B.Fab)
      (effects (font (size 0.4 0.4) (thickness 0.06)) (justify mirror))
    )
    (fp_line (start 1.65 -0.73) (end -1.65 -0.73) (layer B.CrtYd) (width 0.05))
    (fp_line (start 1.65 0.73) (end 1.65 -0.73) (layer B.CrtYd) (width 0.05))
    (fp_line (start -1.65 0.73) (end 1.65 0.73) (layer B.CrtYd) (width 0.05))
    (fp_line (start -1.65 -0.73) (end -1.65 0.73) (layer B.CrtYd) (width 0.05))
    (fp_line (start -0.171267 -0.51) (end 0.171267 -0.51) (layer B.SilkS) (width 0.12))
    (fp_line (start -0.171267 0.51) (end 0.171267 0.51) (layer B.SilkS) (width 0.12))
    (fp_line (start 0.8 -0.4) (end -0.8 -0.4) (layer B.Fab) (width 0.1))
    (fp_line (start 0.8 0.4) (end 0.8 -0.4) (layer B.Fab) (width 0.1))
    (fp_line (start -0.8 0.4) (end 0.8 0.4) (layer B.Fab) (width 0.1))
    (fp_line (start -0.8 -0.4) (end -0.8 0.4) (layer B.Fab) (width 0.1))
    (pad 2 smd roundrect (at 0.875 0) (size 1.05 0.95) (layers B.Cu B.Paste B.Mask) (roundrect_rratio 0.25)
      (net 3 /~WAIT))
    (pad 1 smd roundrect (at -0.875 0) (size 1.05 0.95) (layers B.Cu B.Paste B.Mask) (roundrect_rratio 0.25)
      (net 43 VCC))
    (model ${KISYS3DMOD}/Resistor_SMD.3dshapes/R_0603_1608Metric.wrl
      (at (xyz 0 0 0))
      (scale (xyz 1 1 1))
      (rotate (xyz 0 0 0))
    )
  )

  (module Resistor_SMD:R_0603_1608Metric_Pad1.05x0.95mm_HandSolder (layer B.Cu) (tedit 5B301BBD) (tstamp 5D9FA49A)
    (at 186.944 93.218)
    (descr "Resistor SMD 0603 (1608 Metric), square (rectangular) end terminal, IPC_7351 nominal with elongated pad for handsoldering. (Body size source: http://www.tortai-tech.com/upload/download/2011102023233369053.pdf), generated with kicad-footprint-generator")
    (tags "resistor handsolder")
    (path /5E47A0C8)
    (attr smd)
    (fp_text reference R4 (at -2.794 0) (layer B.SilkS)
      (effects (font (size 1 1) (thickness 0.15)) (justify mirror))
    )
    (fp_text value 10K (at 0 -1.43) (layer B.Fab)
      (effects (font (size 1 1) (thickness 0.15)) (justify mirror))
    )
    (fp_text user %R (at 0 0) (layer B.Fab)
      (effects (font (size 0.4 0.4) (thickness 0.06)) (justify mirror))
    )
    (fp_line (start 1.65 -0.73) (end -1.65 -0.73) (layer B.CrtYd) (width 0.05))
    (fp_line (start 1.65 0.73) (end 1.65 -0.73) (layer B.CrtYd) (width 0.05))
    (fp_line (start -1.65 0.73) (end 1.65 0.73) (layer B.CrtYd) (width 0.05))
    (fp_line (start -1.65 -0.73) (end -1.65 0.73) (layer B.CrtYd) (width 0.05))
    (fp_line (start -0.171267 -0.51) (end 0.171267 -0.51) (layer B.SilkS) (width 0.12))
    (fp_line (start -0.171267 0.51) (end 0.171267 0.51) (layer B.SilkS) (width 0.12))
    (fp_line (start 0.8 -0.4) (end -0.8 -0.4) (layer B.Fab) (width 0.1))
    (fp_line (start 0.8 0.4) (end 0.8 -0.4) (layer B.Fab) (width 0.1))
    (fp_line (start -0.8 0.4) (end 0.8 0.4) (layer B.Fab) (width 0.1))
    (fp_line (start -0.8 -0.4) (end -0.8 0.4) (layer B.Fab) (width 0.1))
    (pad 2 smd roundrect (at 0.875 0) (size 1.05 0.95) (layers B.Cu B.Paste B.Mask) (roundrect_rratio 0.25)
      (net 2 /~NMI))
    (pad 1 smd roundrect (at -0.875 0) (size 1.05 0.95) (layers B.Cu B.Paste B.Mask) (roundrect_rratio 0.25)
      (net 43 VCC))
    (model ${KISYS3DMOD}/Resistor_SMD.3dshapes/R_0603_1608Metric.wrl
      (at (xyz 0 0 0))
      (scale (xyz 1 1 1))
      (rotate (xyz 0 0 0))
    )
  )

  (module Resistor_SMD:R_0603_1608Metric_Pad1.05x0.95mm_HandSolder (layer B.Cu) (tedit 5B301BBD) (tstamp 5D9E7AA7)
    (at 186.944 88.646)
    (descr "Resistor SMD 0603 (1608 Metric), square (rectangular) end terminal, IPC_7351 nominal with elongated pad for handsoldering. (Body size source: http://www.tortai-tech.com/upload/download/2011102023233369053.pdf), generated with kicad-footprint-generator")
    (tags "resistor handsolder")
    (path /5E47A0CE)
    (attr smd)
    (fp_text reference R3 (at -2.794 0) (layer B.SilkS)
      (effects (font (size 1 1) (thickness 0.15)) (justify mirror))
    )
    (fp_text value 10K (at 0 -1.43) (layer B.Fab)
      (effects (font (size 1 1) (thickness 0.15)) (justify mirror))
    )
    (fp_text user %R (at 0 0) (layer B.Fab)
      (effects (font (size 0.4 0.4) (thickness 0.06)) (justify mirror))
    )
    (fp_line (start 1.65 -0.73) (end -1.65 -0.73) (layer B.CrtYd) (width 0.05))
    (fp_line (start 1.65 0.73) (end 1.65 -0.73) (layer B.CrtYd) (width 0.05))
    (fp_line (start -1.65 0.73) (end 1.65 0.73) (layer B.CrtYd) (width 0.05))
    (fp_line (start -1.65 -0.73) (end -1.65 0.73) (layer B.CrtYd) (width 0.05))
    (fp_line (start -0.171267 -0.51) (end 0.171267 -0.51) (layer B.SilkS) (width 0.12))
    (fp_line (start -0.171267 0.51) (end 0.171267 0.51) (layer B.SilkS) (width 0.12))
    (fp_line (start 0.8 -0.4) (end -0.8 -0.4) (layer B.Fab) (width 0.1))
    (fp_line (start 0.8 0.4) (end 0.8 -0.4) (layer B.Fab) (width 0.1))
    (fp_line (start -0.8 0.4) (end 0.8 0.4) (layer B.Fab) (width 0.1))
    (fp_line (start -0.8 -0.4) (end -0.8 0.4) (layer B.Fab) (width 0.1))
    (pad 2 smd roundrect (at 0.875 0) (size 1.05 0.95) (layers B.Cu B.Paste B.Mask) (roundrect_rratio 0.25)
      (net 4 /~INT))
    (pad 1 smd roundrect (at -0.875 0) (size 1.05 0.95) (layers B.Cu B.Paste B.Mask) (roundrect_rratio 0.25)
      (net 43 VCC))
    (model ${KISYS3DMOD}/Resistor_SMD.3dshapes/R_0603_1608Metric.wrl
      (at (xyz 0 0 0))
      (scale (xyz 1 1 1))
      (rotate (xyz 0 0 0))
    )
  )

